0   0.804413
1   1.29613
2   1.42122
3   0.910799
4   0.985499
5   0.989794
6   0.566668
7   0.288526
8   0.220933
9   0.14304
10   0.305136
11   0.602933
12   0.782536
13   0.875965
14   0.915659
15   0.937491
16   0.949315
17   0.944112
18   0.911635
19   0.87734
20   0.880066
21   0.915781
22   0.962536
23   0.997132
24   1.02906
25   1.0779
26   1.1456
27   1.22278
28   1.31107
29   1.4028
30   1.46046
31   1.51458
32   1.5209
33   1.49833
34   1.43736
35   1.34313
36   1.21467
37   1.06946
38   0.910987
39   0.755229
40   0.592486
41   0.447156
42   0.327725
43   0.230531
44   0.159735
45   0.106486
46   0.0673409
47   0.0427441
48   0.0262188
49   0.0159039
50   0.00933821
51   0.0054629
52   0.00312965
53   0.00173288
54   0.00101593
55   0.000593077
56   0.000324283
57   0.000179826
58   0.00010088
59   5.38363e-05
60   3.35605e-05
61   1.74671e-05
62   8.43418e-06
63   3.86446e-06
64   1.90418e-06
65   8.55969e-07
66   3.82818e-07
67   1.72196e-07
68   8.16356e-08
69   3.80231e-08
70   1.76014e-08
71   8.0724e-09
72   3.66323e-09
73   1.65404e-09
74   7.27252e-10
