0   0.0172251
1   0.396078
2   1.04314
3   1.19824
4   1.61165
5   1.72611
6   1.37064
7   1.52768
8   3.05671
9   3.37308
10   3.02885
11   2.6018
12   2.18618
13   2.01719
14   1.97422
15   1.93341
16   1.87417
17   1.8076
18   1.71479
19   1.59404
20   1.46026
21   1.31569
22   1.17674
23   1.03442
24   0.88981
25   0.749145
26   0.611537
27   0.477227
28   0.355643
29   0.251836
30   0.165805
31   0.104297
32   0.0611185
33   0.0338879
34   0.0176867
35   0.00872474
36   0.00407535
37   0.00184855
38   0.000843814
39   0.000422026
40   0.000248991
41   0.000184664
42   0.000165238
43   0.000163157
44   0.000173856
45   0.000191146
46   0.000211873
47   0.000249316
48   0.000298804
49   0.000372121
50   0.000470039
51   0.000617657
52   0.000828158
53   0.00111477
54   0.00164358
55   0.00248277
56   0.00359003
57   0.00533632
58   0.00805703
59   0.0115025
60   0.0188681
61   0.0251515
62   0.0299612
63   0.032321
64   0.03558
65   0.0339202
66   0.0307583
67   0.0271258
68   0.0246804
69   0.021822
70   0.0191153
71   0.0166215
72   0.0143751
73   0.0124582
74   0.0106004
