0   0.00487388
1   1.04374
2   1.25023
3   0.936813
4   1.13542
5   1.64226
6   1.31679
7   0.453905
8   0.263988
9   0.257687
10   0.580869
11   1.49795
12   2.45696
13   2.81235
14   2.63977
15   2.37456
16   2.18417
17   2.05555
18   1.92804
19   1.77676
20   1.60405
21   1.4028
22   1.18602
23   0.947327
24   0.704238
25   0.485759
26   0.309306
27   0.180819
28   0.0978
29   0.0489717
30   0.0222341
31   0.00937618
32   0.00356159
33   0.00123037
34   0.000382385
35   0.000106716
36   2.65613e-05
37   5.94203e-06
38   1.19151e-06
39   2.1639e-07
40   3.47509e-08
41   5.0332e-09
42   6.65104e-10
43   7.93487e-11
44   8.77611e-12
45   8.79071e-13
46   7.86152e-14
47   6.63501e-15
48   5.03288e-16
49   9.79724e-18
50   0
51   0
52   0
53   0
54   0
55   0
56   0
57   0
58   0
59   0
60   0
61   0
62   0
63   0
64   0
65   0
66   0
67   0
68   0
69   0
70   0
71   0
72   0
73   0
74   0
