0   0.0870571
1   0.828498
2   0.935624
3   0.869591
4   0.928884
5   0.997088
6   0.596275
7   0.227956
8   0.150886
9   0.16985
10   0.341218
11   0.703079
12   0.967792
13   1.06891
14   1.03665
15   1.01475
16   1.00952
17   0.991009
18   0.943192
19   0.894691
20   0.882532
21   0.909999
22   0.968415
23   1.03485
24   1.1035
25   1.18125
26   1.26903
27   1.3594
28   1.45199
29   1.53066
30   1.54635
31   1.52722
32   1.42979
33   1.2838
34   1.09679
35   0.892353
36   0.688409
37   0.508667
38   0.359874
39   0.246956
40   0.16095
41   0.10192
42   0.0636266
43   0.0388478
44   0.023863
45   0.0144177
46   0.00844604
47   0.00507035
48   0.00299801
49   0.00178309
50   0.00104184
51   0.000614082
52   0.00035796
53   0.000203049
54   0.000122324
55   7.32448e-05
56   4.07502e-05
57   2.26371e-05
58   1.24152e-05
59   6.26167e-06
60   3.53092e-06
61   1.57491e-06
62   6.11087e-07
63   2.08996e-07
64   7.09708e-08
65   2.02975e-08
66   5.36634e-09
67   1.34013e-09
68   3.35102e-10
69   7.89775e-11
70   1.78737e-11
71   3.88991e-12
72   8.15475e-13
73   1.65549e-13
74   3.11776e-14
