0   0.0011679
1   0.656735
2   1.11994
3   0.950713
4   1.3249
5   1.32021
6   0.862069
7   0.238686
8   0.154238
9   0.257742
10   0.719418
11   1.02822
12   1.00587
13   1.07276
14   1.21006
15   1.25921
16   1.19563
17   1.1005
18   1.01487
19   0.949527
20   0.908366
21   0.890014
22   0.906102
23   0.946986
24   1.00346
25   1.07284
26   1.14816
27   1.21958
28   1.2914
29   1.3591
30   1.38801
31   1.40672
32   1.37174
33   1.29967
34   1.18259
35   1.02886
36   0.846671
37   0.661267
38   0.486999
39   0.340876
40   0.221187
41   0.135744
42   0.0798137
43   0.0445771
44   0.0243404
45   0.012724
46   0.00629337
47   0.00312301
48   0.00149991
49   0.000714689
50   0.000331125
51   0.000153637
52   7.01477e-05
53   3.10547e-05
54   1.45558e-05
55   6.75719e-06
56   2.90104e-06
57   1.23577e-06
58   5.15485e-07
59   1.95783e-07
60   8.21863e-08
61   2.69487e-08
62   7.58628e-09
63   1.85756e-09
64   4.45819e-10
65   8.90229e-11
66   1.62475e-11
67   2.77158e-12
68   4.69686e-13
69   7.4654e-14
70   1.01347e-14
71   7.20984e-16
72   0
73   0
74   0
