0   1.42766
1   1.70242
2   1.84312
3   0.946598
4   1.03469
5   0.983458
6   0.540941
7   0.341151
8   0.281791
9   0.119747
10   0.273787
11   0.515925
12   0.621583
13   0.708332
14   0.810538
15   0.870361
16   0.897006
17   0.903368
18   0.884218
19   0.862266
20   0.877924
21   0.920805
22   0.957429
23   0.96436
24   0.964393
25   0.988099
26   1.03836
27   1.10407
28   1.18863
29   1.29171
30   1.38583
31   1.5036
32   1.60006
33   1.68472
34   1.73325
35   1.73478
36   1.67188
37   1.5567
38   1.38981
39   1.19683
40   0.967413
41   0.747104
42   0.55718
43   0.397069
44   0.277784
45   0.186478
46   0.11851
47   0.0754756
48   0.0463934
49   0.0281723
50   0.0165463
51   0.00967569
52   0.00553775
53   0.00306202
54   0.00179232
55   0.00104472
56   0.000570622
57   0.000316395
58   0.00017774
59   9.51702e-05
60   5.96508e-05
61   3.12745e-05
62   1.52311e-05
63   7.04045e-06
64   3.49692e-06
65   1.58201e-06
66   7.10756e-07
67   3.20639e-07
68   1.52272e-07
69   7.09898e-08
70   3.28784e-08
71   1.50826e-08
72   6.84521e-09
73   3.09096e-09
74   1.35908e-09
