0   2.26165e-06
1   0.300494
2   0.529566
3   0.805685
4   1.0586
5   0.959176
6   0.572618
7   0.40047
8   1.28701
9   3.01854
10   2.97106
11   2.02262
12   1.45047
13   1.28916
14   1.15743
15   1.05371
16   1.10131
17   1.22458
18   1.30955
19   1.35184
20   1.37855
21   1.37839
22   1.36387
23   1.33728
24   1.30115
25   1.24789
26   1.15674
27   1.02021
28   0.863237
29   0.70587
30   0.548932
31   0.415618
32   0.296568
33   0.202013
34   0.131096
35   0.081585
36   0.0485128
37   0.027728
38   0.0151348
39   0.00794298
40   0.00390344
41   0.00182974
42   0.000827607
43   0.000357743
44   0.000151944
45   6.20184e-05
46   2.40034e-05
47   9.3222e-06
48   3.49618e-06
49   1.29451e-06
50   4.62528e-07
51   1.6383e-07
52   5.6401e-08
53   1.85644e-08
54   6.37262e-09
55   2.13338e-09
56   6.50505e-10
57   1.93948e-10
58   5.58532e-11
59   1.44588e-11
60   4.08662e-12
61   8.9142e-13
62   1.64368e-13
63   2.64842e-14
64   3.22165e-15
65   0
66   0
67   0
68   0
69   0
70   0
71   0
72   0
73   0
74   0
