0   0.366077
1   0.893925
2   1.19772
3   0.962698
4   1.12098
5   1.16486
6   0.7956
7   0.495826
8   0.742181
9   0.878856
10   0.964233
11   1.0725
12   1.12533
13   1.17603
14   1.20208
15   1.20764
16   1.20018
17   1.18268
18   1.144
19   1.09663
20   1.0656
21   1.05117
22   1.0516
23   1.05063
24   1.04986
25   1.05817
26   1.07216
27   1.08303
28   1.09569
29   1.10787
30   1.09462
31   1.08262
32   1.04125
33   0.985752
34   0.910808
35   0.820923
36   0.716788
37   0.610014
38   0.503117
39   0.404842
40   0.309194
41   0.22792
42   0.16369
43   0.11318
44   0.0773004
45   0.0509219
46   0.0318936
47   0.0200935
48   0.0122631
49   0.00742646
50   0.00438028
51   0.00260776
52   0.00156599
53   0.000971359
54   0.000729205
55   0.000672709
56   0.000730458
57   0.000948792
58   0.00135533
59   0.00189419
60   0.00308244
61   0.00409665
62   0.00487449
63   0.00525606
64   0.00578499
65   0.00551469
66   0.00500046
67   0.00440983
68   0.00401225
69   0.00354755
70   0.00310751
71   0.00270211
72   0.00233692
73   0.00202529
74   0.00172328
