0   0.00973284
1   0.567048
2   1.01619
3   1.00504
4   1.23125
5   1.30722
6   0.981567
7   0.664195
8   1.1658
9   1.47691
10   1.49994
11   1.45411
12   1.40386
13   1.41975
14   1.43467
15   1.42697
16   1.4038
17   1.3763
18   1.33264
19   1.27476
20   1.2164
21   1.16128
22   1.12411
23   1.09427
24   1.06693
25   1.04232
26   1.01263
27   0.969598
28   0.920771
29   0.868266
30   0.797359
31   0.731588
32   0.651433
33   0.569157
34   0.482838
35   0.396467
36   0.312094
37   0.236544
38   0.171573
39   0.120014
40   0.0789085
41   0.0497016
42   0.0303431
43   0.0177823
44   0.0102873
45   0.0057522
46   0.0030773
47   0.00168019
48   0.00091809
49   0.000534866
50   0.000349796
51   0.000286728
52   0.000294876
53   0.000352348
54   0.0004962
55   0.000737579
56   0.00106085
57   0.0015742
58   0.00237557
59   0.00339092
60   0.00556203
61   0.00741416
62   0.00883195
63   0.00952756
64   0.0104882
65   0.00999896
66   0.0090669
67   0.0079961
68   0.00727525
69   0.00643265
70   0.00563477
71   0.00489968
72   0.00423748
73   0.00367241
74   0.00312478
