0   0.023599
1   0.801103
2   1.29772
3   0.740397
4   0.503339
5   0.690783
6   0.495634
7   0.159175
8   0.109374
9   0.0676341
10   0.0367713
11   0.0304579
12   0.0541154
13   0.171042
14   0.433991
15   0.727614
16   0.907215
17   0.986158
18   1.01461
19   1.01425
20   1.00459
21   1.0132
22   1.06095
23   1.13035
24   1.21317
25   1.31007
26   1.40985
27   1.49322
28   1.5601
29   1.60439
30   1.58895
31   1.55248
32   1.4522
33   1.3144
34   1.14049
35   0.948914
36   0.753803
37   0.57756
38   0.426368
39   0.306509
40   0.209276
41   0.138122
42   0.0889245
43   0.0551348
44   0.0337423
45   0.0198844
46   0.0111137
47   0.00622808
48   0.00336651
49   0.00179478
50   0.000922987
51   0.00047087
52   0.000234024
53   0.000111733
54   5.60885e-05
55   2.78101e-05
56   1.27947e-05
57   5.90465e-06
58   2.72019e-06
59   1.17225e-06
60   5.77043e-07
61   2.29967e-07
62   8.1527e-08
63   2.59745e-08
64   8.34499e-09
65   2.2844e-09
66   5.82976e-10
67   1.41382e-10
68   3.44869e-11
69   7.96135e-12
70   1.7664e-12
71   3.79179e-13
72   7.76472e-14
73   1.5137e-14
74   3.24007e-15
