0   0.366112
1   0.89401
2   1.19783
3   0.962779
4   1.12104
5   1.16487
6   0.795503
7   0.495722
8   0.742066
9   0.878728
10   0.964117
11   1.0724
12   1.12522
13   1.17589
14   1.20191
15   1.20747
16   1.19998
17   1.18249
18   1.14383
19   1.09653
20   1.06557
21   1.05118
22   1.05165
23   1.05071
24   1.04995
25   1.05827
26   1.07226
27   1.08314
28   1.0958
29   1.10798
30   1.09473
31   1.08273
32   1.04135
33   0.985851
34   0.910899
35   0.821005
36   0.71686
37   0.610075
38   0.503168
39   0.404882
40   0.309225
41   0.227943
42   0.163706
43   0.113191
44   0.0773082
45   0.050927
46   0.0318968
47   0.0200956
48   0.0122643
49   0.0074272
50   0.00438072
51   0.00260802
52   0.00156615
53   0.000971456
54   0.000729278
55   0.000672777
56   0.000730531
57   0.000948887
58   0.00135547
59   0.00189438
60   0.00308274
61   0.00409706
62   0.00487498
63   0.00525658
64   0.00578557
65   0.00551524
66   0.00500097
67   0.00441028
68   0.00401266
69   0.00354791
70   0.00310782
71   0.00270238
72   0.00233715
73   0.00202549
74   0.00172346
