0   0.0105366
1   0.61368
2   1.06875
3   0.972709
4   1.21147
5   1.34769
6   0.997778
7   0.692764
8   1.24009
9   1.58394
10   1.61543
11   1.56871
12   1.51505
13   1.53176
14   1.54713
15   1.53788
16   1.51099
17   1.47785
18   1.42496
19   1.35323
20   1.27548
21   1.1942
22   1.12442
23   1.05749
24   0.993512
25   0.93772
26   0.886492
27   0.834472
28   0.788474
29   0.748912
30   0.700098
31   0.658696
32   0.603678
33   0.543115
34   0.473517
35   0.398184
36   0.31963
37   0.245977
38   0.180462
39   0.127278
40   0.0841741
41   0.0532339
42   0.0325914
43   0.0191376
44   0.0110869
45   0.0062056
46   0.00332242
47   0.00181511
48   0.000992318
49   0.000578378
50   0.000378415
51   0.000310296
52   0.00031918
53   0.000381422
54   0.00053716
55   0.000798472
56   0.00114844
57   0.00170417
58   0.0025717
59   0.00367088
60   0.00602124
61   0.00802629
62   0.00956113
63   0.0103142
64   0.0113542
65   0.0108245
66   0.00981547
67   0.00865627
68   0.00787591
69   0.00696374
70   0.00609999
71   0.0053042
72   0.00458733
73   0.00397561
74   0.00338277
